553
552
552
552
552
552
552
13
5
4
552
4
5
5
5
5
5
5
5
5
5
5
5
5
5
5
5
5
5
5
5
5
5
5
5
5
5
5
5
5
5
5
5
5
5
5
5
5
5
5
5
5
5
5
5
5
5
5
5
5
5
5
5
5
5
5
5
5
5
5
5
5
5
5
5
5
5
5
5
5
5
5
5
5
5
5
5
5
5
5
5
5
5
5
5
5
5
5
5
5
5
5
5
5
5
5
5
5
5
5
5
5
5
5
5
5
5
5
5
5
5
5
5
5
5
5
5
5
5
5
5
5
5
5
5
5
5
5
5
5
5
5
5
5
5
5
5
5
5
5
5
6
5
6
6
6
6
6
6
6
6
6
6
6
6
6
6
6
6
6
6
6
6
6
6
5
5
5
6
6
6
6
6
6
6
6
6
6
6
6
6
11
11
6
5
10
182
553
27
19
10
18
11
11
11
11
11
10
11
10
11
11
11
11
11
11
56
54
11
11
11
54
11
11
10
54
10
12
51
10
11
11
552
11
17
14
19
11
553
54
10
10
10
10
11
11
552
16
14
10
12
13
14
11
10
14
552
32
64
10
13
11
11
15
10
24
552
14
11
11
10
13
13
11
11
10
11
11
10
11
11
17
27
59
18
23
552
61
11
54
553
552
552
11
10
21
27
29
34
26
